0.1413299266222622
0.6338394097943769
0.19543535349074867
0.17021114496911824
0.13796695111468849
0.4170985331040701
0.8717066956342384
0.37392041519988967
0.1292697613002647
0.9442267054583937
0.6804303185692953
0.6932894675073393
0.5261432973914184
0.851356577365403
0.9398285961088032
0.4396075869602004
0.49572847764810263
0.6219302433379603
0.7485018940674414
0.8858908699111165
0.4816669051681689
0.3809863387433065
0.7505441782006492
0.29954598965030393
0.31950455491832647
0.888020380698328
0.1499414427168503
0.5075927932100939
0.44870784839970357
0.27687181826516266
0.6244546901365072
0.6842671031046632
0.45735367357940565
0.43273849865544034
0.44878363300901614
0.6723110302693065
0.39156501594215526
0.09223279863046982
0.7542886501611232
0.6859440869701157
0.9639096441065298
0.06072930060402393
0.7971081994098362
0.5099387904050062
0.19312630698555616
0.7413621777424501
0.0988136600458186
0.9261755522784166
0.609715422904083
0.21323536088251271
0.7927586115804656
0.24392679606523507
0.7367822303163238
0.3717745157037252
0.8478924788021956
0.2628586955188432
0.46612893980347153
0.6133286795118968
0.6436633482911479
0.442356935255304
0.35479989678856433
0.6947510315117822
0.5251300933564111
0.7017242368722025
0.2163087129985596
0.4915902715632996
0.6403213110803373
0.7069863064633843
0.5033867849237768
0.5629222583868453
0.901845253830972
0.6662752032215167
0.25351448546451316
0.46682456168859365
0.35702890625888306
0.5936695186068663
0.4136321777388075
0.4191494990623492
0.659591198587876
0.5115398203807596
0.7435518076175671
0.32186741264448243
0.8144491267791467
0.6228251735014695
0.8032075525296144
0.5468437965119102
0.24457314195993754
0.7802029504502804
0.7866355820480957
0.778999820288788
0.4189751420040231
0.5051651692311255
0.7522896614682469
0.45466569632323633
0.8675371007446981
0.5058978303234695
0.7543374881875057
0.15109659480322765
0.8371915103180613
0.6873219423471182
0.8360026418993242
0.1667790821349112
0.9369260441680849
0.6694993869273471
0.8863523419546254
0.766040237653461
0.8001025279863794
0.7066403204412831
0.9380809371588203
0.19277415125340133
0.4135738624652877
0.6217922216492389
0.32783429095482547
0.2859995623374398
0.2678028809495806
0.597408725224272
0.4085829326931856
0.7164700790873189
0.7994243954607512
0.08918209924550652
0.9162255824008886
0.6677966666759095
0.6877830338945796
0.3225627252836109
0.7633331614189055
0.601394189635973
0.39847905245801885
0.5831994494800101
0.7769403494650637
0.7080039028841384
0.1670538604413157
0.6295175480755193
0.21877815142823828
0.6584870674006374
0.5960886265822987
0.7127856534475807
0.7570657763080078
0.7687638103779268
0.9158277813100215
0.5526402738248187
0.12955982535312247
0.9028408537673515
0.5455549603071925
0.5742537157866212
0.4606940529577368
0.8937117196126836
0.7418373713295092
0.6134829622761689
0.752018749406635
0.47966008583698144
0.8006068266203873
0.171023731084463
0.4936328195666083
0.37721334107222654
0.7397299945869414
0.7025813577617045
0.3176436774154706
0.4265232005289376
0.632275775395016
0.3858030821720998
0.8058028222312632
0.7066201432982658
0.33288701897898404
0.6597881808647803
0.7733264939098059
0.7375030581804396
0.7998747130190432
0.9441268539615593
0.4878076383011998
0.8973645859924766
0.6201877834868301
0.28886824999038874
0.19051028574482465
0.7382094317380116
0.865609017561591
0.4481538498810834
0.4777541052662768
0.6763381709434544
0.599638171116722
0.33376764255638347
0.433270844597852
0.38894615988819736
0.6621463118638345
0.39545288539527307
0.045311715538125324
0.3525328069649356
0.3618664624172551
0.6745246915260061
0.42444616018531006
0.7578226340785428
0.8719601248942782
0.20311990566448557
0.5487870614963541
0.5886524254197343
0.6389240550756634
0.5971729768079737
0.6494030906273617
0.8235746153319167
0.5505509858780842
0.41006079519481564
0.3984958482968185
0.7603850872585111
0.6996508477579558
0.6864967254946152
0.19384695601921728
0.7529759292438664
0.4331658276649769
0.9371442363846121
0.6398552675255403
0.24473607218741264
0.2921743084726539
0.823958848867786
0.6335743366071226
0.3115474162864441
0.7882384565321212
0.5259210000845873
0.8801503910689684
0.16097626983784857
0.7657843513483111
0.46194947613068044
0.5302979989005991
0.42761643292517787
0.711005525715193
0.7523785265085539
0.8014830627907181
0.19656337226846818
0.3818464369715374
0.7387325659519973
0.6255882474788967
0.6645634759866336
0.8090102062150566
0.627630184552073
0.36827621803936794
0.8663757001504387
0.7561850587102953
0.41513880082740917
0.1239368707956901
0.2782198376638483
0.6845433449918898
0.35934841149096003
0.558409888982838
0.30112028244929756
0.8877789514123081
0.9233384945279719
0.5305333117601175
0.7563757934913856
0.8095904222676436
0.26014375284159286
0.486966561735279
0.6631688364022695
0.6082272145007768
0.8016404677099959
0.3348735076282678
0.7502639055456597
0.5153690139323452
0.6841707138936045
0.6718377524913868
0.6075886026276374
0.796549257551664
0.07099263576753533
0.849097582063652
0.8625147626793271
0.3109602106651865
0.3065024891499321
0.5215389407331809
0.5017121977212599
0.24847846486339212
0.7558214845588961
0.3009645833241094
0.6920271431275907
0.26198316619071876
0.8953936952223829
0.7846533938938746
0.7756055347765658
0.7377316405833809
0.7478853295539034
0.44308073177598606
0.5256371174051134
0.8075679106819309
0.4439160688016231
0.8302733433641644
0.887725870347117
0.6556595625436011
0.7052903638105551
0.21400282869804305
0.3008466158760008
0.5637891329397922
0.886563776777983
0.5703830316336728
0.6064598044907289
0.5091520765125156
0.6444971065438524
0.20430515806476307
0.564380407288227
0.6490675415747534
0.4570013383579145
0.6559380671081394
0.4640536907182799
0.30324005045372576
0.36955742605110686
0.7427018888749116
0.3682709385772292
0.882254747577979
0.2909006849679159
0.6929119588368285
0.7798341600857154
0.8351437649193411
0.6244054124562642
0.7965404302261259
0.4930797280292719
0.7989884824875404
0.4847547297983288
0.6588866957344203
0.5690589243546001
0.12850348993665772
0.49111662499534664
0.33429766000090555
0.6740651317931821
0.4891098461660599
0.8240130822720723
0.7463734354334466
0.5582631098920465
0.6481174030178514
0.4375482199274736
0.6829725277897983
0.31425775726541527
0.6890169686931015
0.7505983853769441
0.6964782220462818
0.8337132859833317
0.16488582549002184
0.7154549796743749
0.5119181298850335
0.9062575412411196
0.3973476910425798
0.5297709990864867
0.21651970561673922
0.7279437297665119
0.9819533351193622
0.6622903948967023
0.3654899341808971
0.607787485425994
0.418213869042936
0.8063396841946163
0.4000119913404604
0.6980976529624682
0.36280293738236885
0.316430276094926
0.5456142816623959
0.6737256824783556
0.43436413832497534
0.7146459656565263
0.9045678184863297
0.6038068287267945
0.7590711183220076
0.27157135027250584
0.8357476406608969
0.4688648893346589
0.8771454781950809
0.3589786832273836
0.45820288250556046
0.08319270501794633
0.5404765641649227
0.7247642599986975
0.675486248269761
0.5985668170744254
0.754578198470355
0.6231973174987165
0.7655697170423812
0.7335248682337858
0.9177913843670671
0.589273139007504
0.9055072024545409
0.8824707567917768
0.8002506313881752
0.6840698907946453
0.7433751559167219
0.4009124807301387
0.41715125618110627
0.6544947147656006
0.4086022972953528
0.5563871438358814
0.9201821385348351
0.7130001674732288
0.5741016725989155
0.22419039840328445
0.6981478578632088
0.2974533562368572
0.4604635021666417
0.8401510051687353
0.9357913752818494
0.8940207232457613
0.6324734181307182
0.8726480482600951
0.6842235620111928
0.3829953496174909
0.8171147755323271
0.8300536294022436
0.11560132308346967
0.6791992035004575
0.8345814520119447
0.645311293306335
0.5738616811930004
0.4876765507312258
0.2435369088842038
0.7210196119940805
0.603802290802702
0.5935099323368408
0.9384646447548849
0.6213744806906614
0.4256895702485129
0.1469305366181929
0.8005108275993758
0.5933997245620408
0.557751527379719
0.6866330445379315
0.80867247506677
0.6901650702940939
0.22085967091771488
0.6628778469924026
0.5908805808640544
0.45357941318442746
0.6795238739445036
0.7668584168856936
0.551010663387564
0.5694366229441757
0.8303149293207184
0.5095208950463584
0.766271015664641
0.6995740231096698
0.34740268159400084
0.5216851426376857
0.1313383034405179
0.7688487167213904
0.7506097582673881
0.5166798226545569
0.49360197764119423
0.7476322949693611
0.4710776709324603
0.3880094082365141
0.8372474779290096
0.5424152491589377
0.7792333395102233
0.62459344342825
0.8494762607547252
0.9201968072580069
0.5598587219303517
0.9444190202757692
0.6793060026092146
0.7244395143346527
0.4597963331007655
0.6217454552364661
0.6402219097827908
0.48172730819638704
0.8073859706035917
0.4825956958663525
0.3146765224643223
0.06965029480188885
0.3903973166304629
0.584068068607293
0.592688984716205
0.3948497721494631
0.5862474832023659
0.8344466479059267
0.681925008208687
0.9012030584600337
0.33743119891234813
0.29051616049411877
0.585448112781808
0.7104317164392046
0.8701771030089125
0.7738354898935084
0.6757840108190077
0.3019530659146234
0.312305355497824
0.7137855702392598
0.8958445062198594
0.5200919154949931
0.6176593748628066
0.38170193325955104
0.7586510896140477
0.7076933193158429
0.8476767924071386
0.46373086403879205
0.6579822717528773
0.553433450179694
0.5581047518123209
0.7832865120420397
0.6449745053730509
0.24768505287267048
0.6021870004769159
0.8845024152235357
0.7586975555239707
0.8512647048472117
0.22140994965576985
0.6322871400667559
0.6486044443157747
0.4441882837564577
0.3247838929085762
0.792500779992377
0.22223254440569223
0.83834140336538
0.6596820972914376
0.8910660875005058
0.6597151859823214
0.7835784677618914
0.8156194957249854
0.8291688712523458
0.8928487494223994
0.7632601495852741
0.7519005011793987
0.9604861010892127
0.978339052564736
0.0822199151928114
0.5489562976543036
0.7569772054663196
0.4933510614244798
0.43313373720686177
0.36669885007253017
0.2324580265127557
0.4484453148789532
0.6672920907014677
0.7582927961100747
0.47106141431980636
0.5836131458433296
0.21773437682265817
0.8139708463871886
0.81433154696846
0.6444931987805153
0.8367073831674975
0.3604055179311251
0.7692919958922828
0.21233405999341853
0.714796071520167
0.6919138719644184
0.29372948132230653
0.7391811405080218
0.7232861523130285
0.6443135999082248
0.7957850989796379
0.3430507515373932
0.4023764733250644
0.19423841177977327
0.7104706773858233
0.06336478749368021
0.7337174900029781
0.8880360635208918
0.7133087177635592
0.5594451306744552
0.2495039369032546
0.6321108857200498
0.4185737066416807
0.8719668801519623
0.782360118992857
0.4560761492164929
0.5774850949948616
0.8456597527845373
0.8987575275083666
0.5925526793138816
0.21824420293649868
0.6267023828491544
0.7325919285843778
0.7154626549535306
0.7313705816906587
0.6513176586475147
0.43256416432276373
0.5226915269164166
0.8038829096220809
0.31580812296281074
0.7939980503319831
0.5956911843204092
0.23368633788657056
0.6272064454520404
0.7648898919005578
0.586922459391426
0.6493904812436674
0.668406697360721
0.6571532578799596
0.7867822519492662
0.5320934140019519
0.40982076084652186
0.6229667814618076
0.43353275795759205
0.8104967326430504
0.4927067384849607
0.5579066057793706
0.5187285613736962
0.5855116729233342
0.33356274431403343
0.7857748582934951
0.1852099517364124
0.9305850231122607
0.563604176062446
0.2440199519328982
0.5897592901894356
0.37869141898189534
0.6763578418541891
0.0806808210028474
0.8358399942811796
0.780707547983998
0.8245771848034501
0.6538609656777675
0.6382030331227143
0.9469430417228144
0.1461319107108288
0.7426042110114652
0.8122306554949972
0.824660361196356
0.3697636357164448
0.5157336826402354
0.7750185686723075
0.746956354367766
0.42713405486456923
0.6821503915579678
0.3637107098718941
0.8005645791170275
0.3566203215861217
0.6547731220245296
0.5482889178794603
0.8036831138355605
0.770969683132297
0.8219472049185065
0.5638792296146968
0.28537882431770556
0.5202112161501419
0.7115661240863296
0.6944841151132246
0.5315457237100276
0.6630471433188049
0.7968451987077475
0.6445643967318478
0.7421920243330953
0.6837828726894543
0.6908932578448543
0.5381923795335071
0.93918166465317
0.7876392115596075
0.23817080142282832
0.6631451242480749
0.5559814554154414
0.6002150787897351
0.6510521778945028
0.32054178147562323
0.5564419230830252
0.6281635316754296
0.7843580783729016
0.5360633857509758
0.5576736501837015
0.2491079401296072
0.8130310829291698
0.2656962053514439
0.1150867806480151
0.7235687892815208
0.5450382988215439
0.686063753904692
0.3757596520038502
0.662026080032562
0.5924365748167117
0.8980347853529301
0.5033653561661834
0.3308224670325204
0.20328314136593395
0.2203379508724851
0.55372046714274
0.732704533105634
0.8221390972536737
0.44939755577021545
0.7204382905855405
0.5553342819408632
0.16305719237937627
0.7935588823543612
0.4679621479459616
0.7654684702015779
0.666341821426339
0.7997108361769051
0.839611769759437
0.5017959186282709
0.48331850829911893
0.6774000053750521
0.6021548233719632
0.6507378688721773
0.6814903449655809
0.7622654111586503
0.1692005840142655
0.44875156685050094
0.15640559498432471
0.9642265774874375
0.14744475521962216
0.6018298204187713
0.7708438120082477
0.5982176066927598
0.2589217825532897
0.20194312962364233
0.7305508945579245
0.41184527333870663
0.7124494817014204
0.39906332252306015
0.7583190903879165
0.4848215694890303
0.16212740634295228
0.632408363699378
0.7000530979974647
0.8481345373973581
0.21514259898174928
0.9464352817413376
0.5469496451901656
0.6819850624132238
0.6039498708342902
0.3926328307980264
0.6065483440641959
0.5681075240146095
0.33974834473770105
0.5809408971888752
0.47037340951562656
0.3768395823324757
0.23215825028426704
0.7372683215992677
0.7510778072453553
0.7541853477858278
0.7469677019787603
0.7287810746323674
0.9257637086456744
0.13621738590447488
0.8126066858281157
0.5648345765890537
0.2838572885629608
0.7325065100724466
0.414827749576851
0.857431085048941
0.2675791257769346
0.5073957965767472
0.13065745532385806
0.5372748959391174
0.49961592702206964
0.5212957160167808
0.28869555031945426
0.16624018035725793
0.7053272204449071
0.3469277452668591
0.7430633595260928
0.4785560143394621
0.6817992591655777
0.7191124736989123
0.7191043507308518
0.6615986641042528
0.40942201351311625
0.7285466102346628
0.8711012728078029
0.7502516668585509
0.586017693019105
0.6467201879135006
0.0645744738242769
0.7744527952237551
0.472997820466182
0.5277713814472919
0.5870085883983697
0.4074186978200587
0.46092020636806735
0.41045797295332814
0.6287532405096734
0.8767558300429873
0.8272933523101971
0.7314071535378062
0.5461508171937496
0.8857669312505422
0.28857789652749216
0.7311898416963366
0.5451500910837117
0.8288195651234019
0.3062544900746009
0.73853465634869
0.682513317340096
0.5688733552351587
0.15081762140832125
0.5496111025891275
0.17710778692352278
0.30827112318339506
0.7569923332319212
0.3805591997972675
0.27400698339000246
0.4305045103887049
0.4743247485340153
0.8011800793872832
0.5896875017938004
0.42288829954625706
0.8919241276781271
0.49141266374011694
0.10719085654971425
0.8264702032916151
0.5633713956535137
0.6924498397397347
0.5656040252435482
0.7840503074940101
0.7243536460445388
0.48806286524047904
0.5851594405740749
0.6748020925393191
0.6658536507668205
0.6239322433591102
0.7460156108487644
0.48949426904745263
0.5525926658283655
0.38738078791640845
0.6129754480233246
0.9359045049141727
0.38268134875442084
0.6237846252277625
0.8701687858663862
0.6429459922447693
0.5648245692335234
0.601118556777266
0.7285074166549106
0.9210964695095554
0.3706777814456649
0.8025152751500784
0.8472129995006704
0.6782773278900122
0.696362738230941
0.6547727586787281
0.4657295538634545
0.7102880692551814
0.595626105036538
0.9299795523899377
0.2446039244364227
0.561621186519572
0.6728636804054812
0.8369617929487467
0.08511605419262898
0.7269576940073658
0.669614433152166
0.7419578665307875
0.7869213533012374
0.33765908027602004
0.6986271472699063
0.5567159311759602
0.8814788100019904
0.4828309790955407
0.8467426570011507
0.91504636617095
0.6588583112704164
0.6911234600251661
0.8076877020644996
0.3111964552704787
0.19925907942012847
0.7452263510628501
0.5899235308851104
0.6449942514491551
0.860886780062744
0.9375920182069842
0.6878579359825108
0.16321301598603394
0.6569254164939595
0.8953430055484959
0.7805675286409814
0.27074977505627934
0.2854090842362472
0.6881463876404821
0.5674348043954724
0.5466833975533295
0.8317778666333092
0.6262907154650286
0.95320841838755
0.7316141084658944
0.6096298747801995
0.6580941482809952
0.37805058877583997
0.38434999771335926
0.5975883059420264
0.24759687448178327
0.3754095926834047
0.7053059977496208
0.4005935026639118
0.866929858992703
0.643244743823566
0.6564315646293015
0.39951758863034253
0.6501574540171917
0.42387245491905573
0.832614148567786
0.5076558996623358
0.7179147394515829
0.38762820980444546
0.6948931807762568
0.8513344388513886
0.1876986426749871
0.7809438585347583
0.8107452312950182
0.5117198534413828
0.2617986598885777
0.7253935597406542
0.7276647942207176
0.8754739647363318
0.8057891071354629
0.630713238600601
0.7044374122265985
0.3066273064749979
0.4448444709285237
0.7340616950920242
0.5595994803448181
0.2113241764168232
0.8005340877727416
0.7199588107813153
0.8152988011118684
0.7046340902802675
0.747322107670546
0.7009973861092074
0.8038262678251548
0.8953226629083971
0.511814937266917
0.7575832213888688
0.7764216375554253
0.4778435052765494
0.4245521563616388
0.7529648393626241
0.42010788422758655
0.34765315761372395
0.5235486365627811
0.656950704466212
0.4448267914682042
0.7571551927146233
0.678651854231468
0.23568403512030173
0.4615625717655698
0.8943031891418488
0.5028234942104963
0.31510366578966276
0.8654248789857545
0.3387717572511362
0.8431562198479443
0.7673362557398596
0.1612578079995959
0.9301261267871591
0.6711809938153757
0.8772932722938813
0.5812635418212699
0.5878786247150661
0.7299406224121846
0.1943425694462232
0.3604100180871969
0.8874739504170093
0.7693037323865615
0.4036642907527788
0.5832347523387649
0.7252154018468987
0.7762902509855691
0.6807553525818678
0.46896572378704515
0.6104503300547175
0.6633869826891465
0.7786487278438227
0.6964894581494101
0.7861536564546916
0.7895808543272418
0.7124333071835115
0.6749810343239127
0.7536535450911455
0.2088232751807666
0.7185454879298178
0.722042015351165
0.5240255321984724
0.24683417304834945
0.1511431353392243
0.08840345518021236
0.8065989403313808
0.5028454559948737
0.6291686148234447
0.602711252619504
0.745507343352768
0.36200483903025765
0.460975417201719
0.7880372395203055
0.8830366541242283
0.4252227770177244
0.661346809985413
0.9388206242374459
0.3947723567531555
0.4029798999259476
0.6731349474127555
0.4278760156929952
0.37561837481050914
0.7196363114060257
0.3596507638625246
0.6879066810457661
0.8205907614919226
0.23484050548751015
0.2842492137280864
0.5594022277160695
0.944962724962607
0.5406188487664018
0.5749823114571281
0.743490016661293
0.7470484893632823
0.2672096654430588
0.2975476602790901
0.8624347508746775
0.625179798941383
0.8142234844789222
0.9029087122099203
0.4747165306578616
0.8360867778561061
