0.252304023758049
0.6722640361770067
0.561324594911617
0.7438086710846695
0.7100095241222137
0.42966433158876804
0.7379766345969597
0.6499171127245602
0.880926630947028
0.8935953608705693
0.7294479972679642
0.5173846532661388
0.7568943972357238
0.6651613447879601
0.6014285987982333
0.6210948218280586
0.305163914277858
0.42863471065264414
0.741367597525638
0.7294932205502302
0.7399621841956502
0.6801494092020601
0.5342344552980799
0.7392103818099426
0.4946994042121451
0.44089558892278435
0.6767193938350988
0.7902241180172651
0.8145934760141614
0.37330673622890487
0.790027238374901
0.6724644215097147
0.6561897482347064
0.5962708308365561
0.5702184627191025
0.7804374154453164
0.7141363187876734
0.5039215296606513
0.6136899551185718
0.6924344402057124
0.4187639826970142
0.6274379851661512
0.39858430708605563
0.5444795705688106
0.513436889770808
0.5545554610857858
0.6796193576573888
0.49236437481051887
0.7533346340410182
0.6036317857829565
0.49179388628070086
0.3629732446267166
0.3252844967630247
0.8996380022097883
0.4565692382734583
0.6836718291915446
0.7611238005494368
0.6932414103590793
0.5942757403014992
0.6164514622541507
0.4146292685632954
0.4011407169966522
0.31890056439415265
0.6530190829721667
0.13716222440877993
0.8360991188702928
0.7830759613350743
0.6584047388903891
0.2821730095799364
0.6245246647530817
0.7231285474316317
0.5089653591321509
0.6879103608177267
0.9182516506545962
0.7498661506390668
0.9243945200748379
0.2584362084310579
0.5162040425346475
0.5912160226231875
0.6958084547790103
0.2736837273372193
0.31747885715682816
0.7711594970268155
0.6554020490374958
0.5875627075303925
0.4714178773324544
0.4658901426365537
0.25598938689379436
0.8000053128625466
0.717630095350163
0.888802485631964
0.6530352895300751
0.7166634264207011
0.6154114017109727
0.6846313989795358
0.5416781766328861
0.5147248096124479
0.6098561902639125
0.7098581976690809
0.6793526146979993
0.7599700669734115
0.7267765119119494
0.5771934959053318
0.5760241327469381
0.32561250491129884
0.5993265422480615
0.7990780448628657
0.6643090859983113
0.5633958705390717
0.582260926722584
0.5369951743930486
0.4723635753084569
0.7578930990416705
0.44376191290731004
0.8044897838422975
0.20631214339213574
0.5863140077900297
0.783815422546765
0.5787883641687126
0.5305526261967353
0.706816862225324
0.7508161794481041
0.5991955636653887
0.6653603000745575
0.36540114561918846
0.6799162652964997
0.7849691705193551
0.6010362950750062
0.5821775935718565
0.5272906115253729
0.27171966896642763
0.8421018297416938
0.7920612997304289
0.3015422735360153
0.8245998036816568
0.3669789127773179
0.7096776418797697
0.7432601125061223
0.8156369513000981
0.48193388051147323
0.797100592377265
0.7590262329543901
0.606399747465212
0.9057418459774778
0.5791896433087396
0.5478755029547908
0.5482574943719671
0.1257155050079326
0.14861400884926196
0.8101871936735197
0.751783282292757
0.7299803017161575
0.572495875240293
0.5370821013308645
0.34218383943198183
0.7004114449080553
0.3666866510272066
0.8401777086916877
0.4851295398864778
0.5823654978921609
0.8056932578501864
0.2849087097636902
0.7781184253164583
0.3241844830862983
0.3385469588263133
0.2981157997772879
0.45123469335580124
0.7684795920897952
0.2525218541018454
0.8325226994764647
0.8392795555052263
0.8553635365847567
0.2331187564726704
0.5816193531786013
0.38357297142398894
0.68426729143083
0.8611384475152637
0.4335840230314368
0.689823958876381
0.9262149153933346
0.45287848709399553
0.6755405999057819
0.4592178365453174
0.6051887149632108
0.6765407095178018
0.8784857286712872
0.5886963757424781
0.7960612876648986
0.5447479847442546
0.4264843605973814
0.7696663438364284
0.5811500975254404
0.8329896264300052
0.029935611314816212
0.8534639197190791
0.5509760164043964
0.4707021282381097
0.34652563344250714
0.7796445876386882
0.6335142806178271
0.7770924733752982
0.6298353584295195
0.6644224368342713
0.41447278121568437
0.20241805400959564
0.8477869715144966
0.9305532708577101
0.5183017769125562
0.2773723162974591
0.38832095645858156
0.5510680026827777
0.7121340094441987
0.44585500824483965
0.24537178185323696
0.8162553677024396
0.6560276948858852
0.38174994576962434
0.7555590453701834
0.3154566870336632
0.33687293090794695
0.47672099791123035
0.6398554119878076
0.2982868794895575
0.6319613477027416
0.5477702638623896
0.5676540222111418
0.39785330341009684
0.2665688379969101
0.7232369439575175
0.7779359677304007
0.413680316150783
0.694107140371256
0.7054595413624092
0.6404513758577488
0.5268096901426584
0.7248515986535721
0.36048417926780146
0.8172802279116866
0.8921474077525439
0.7539184426841599
0.6472051748773984
0.1541686364013913
0.7817967407129751
0.9535028335656069
0.8449949502382816
0.8500293427563868
0.8241464505445565
0.3786740884896746
0.44998891662328067
0.3591664124082162
0.5729322741881561
0.08486468560381742
0.6402193166372979
0.7776635488601574
0.3915480172450498
0.6035503270893089
0.7359330686986529
0.6711035433095617
0.7939924714795846
0.208292537814308
0.5866713086165035
0.7912655441747392
0.7753478330181689
0.5139177667744533
0.5287698993316359
0.32973588906001894
0.458189588152388
0.48885663901740256
0.943409836358349
0.19439353321460331
0.7454364140372076
0.2849410032280588
0.6828046629769606
0.448043713006863
0.6530338637964672
0.8234964773987108
0.6770827452728664
0.7615211463980767
0.6668897158223736
0.3362208857691927
0.5839199240146259
0.8907660040022696
0.932856702319021
0.6561359956967616
0.46563937254680665
0.568273105528694
0.47589475134663445
0.297475430722189
0.6532655707180242
0.7207427639291252
0.5917474268495587
0.2079776154641115
0.34495360440946105
0.6596899465438779
0.4967358235421193
0.8201424036813162
0.5605597875125118
0.457207920916407
0.4713690215113359
0.8426433667901974
0.6339475148412587
0.6163313474602495
0.800384339871929
0.5735039933335894
0.7319481484217701
0.8207747952154961
0.7619033581543018
0.04806592167146304
0.6164480959836297
0.38174461770403234
0.24417537759560162
0.6576118322367631
0.7525502860822175
0.5075728812635201
0.242427873835209
0.6929875613101398
0.4785534793229903
0.7487536244557031
0.6591696440646964
0.5268332197224034
0.9121723903089256
0.8989416596889966
0.7582100316310925
0.32647032210658933
0.6211085097918799
0.5984564811782654
0.2237819712665156
0.8188450457021421
0.6797731270564493
0.3841187524001166
0.6191263378256001
0.5839217360302489
0.35943125349970734
0.1715904012133857
0.640507091270123
0.7997139561395428
0.4038688573441081
0.47473740894443084
0.7145533016420987
0.3224653996886426
0.9028733872544334
0.26385616205893997
0.6162730549236134
0.8121758242896602
0.39319444403032283
0.28456405913166805
0.7082955500012168
0.531180027312413
0.66174415394394
0.6236372374906529
0.24603264038151162
0.6934347279206312
0.14376213759934542
0.7959315563697473
0.2078142456753357
0.1623017786005693
0.7089761800531204
0.7984944880010898
0.8436697520898382
0.6662687588531516
0.4582301852138084
0.18154472928957466
0.8128379291575502
0.3449263444288047
0.9030268035359015
0.7717224801754187
0.5136291110781783
0.7885814041503757
0.9560350045413175
0.6892590934550198
0.5407997388170638
0.6450391568827009
0.18061647041677853
0.5332482527377377
0.6585057887295185
0.3261631640786282
0.8898483316449367
0.7658752334361876
0.8478627932014577
0.41842612737443413
0.7470416728691416
0.6256520056097542
0.41033398306255914
0.8530616261146274
0.5339660178262831
0.5793455998981661
0.5457079535307172
0.7237297451373509
0.8510090478577371
0.3834456936125776
0.32120548035269086
0.41225311832848965
0.40656623353509386
0.7554264580086294
0.7315607284331219
0.6412847693172963
0.7152104614480839
0.6570647752807215
0.7688723706173101
0.4696548475463923
0.23286557299272856
0.5610188646206391
0.4468187778025248
0.5947539188651266
0.6931497796424587
0.7256663833989712
0.2892682692844908
0.39918340694884286
0.600498058431788
0.4628653408833069
0.7213796738934104
0.43177351247027373
0.7356966357030917
0.6290115078760872
0.36568099454826375
0.09104803329409368
0.6279478541549048
0.5444705055474587
0.18664059006146788
0.8666468635013754
0.6145678329023743
0.6326209407567215
0.6141650139320934
0.7299671581696741
0.6683513529649036
0.3182701159278721
0.6320215036060404
0.5370353736003229
0.5070312448220212
0.5862798784796691
0.6192251883132378
0.5249490815640563
0.4062205465883556
0.6646620233959216
0.2213664188711718
0.3680122228695265
0.8296214032042943
0.26872312996428804
0.1964775537717713
0.8384953046362478
0.24108286374336818
0.6510179343199857
0.7765857675426204
0.46182695361815945
0.7752941855768372
0.17646669503943446
0.6172855213589763
0.7915358373647408
0.21887948147177083
0.8774869053877361
0.6970191289444659
0.17642961506778304
0.6698306335056194
0.6120713066543969
0.5248961282206772
0.46321417282312716
0.5561363951344118
0.7851256980495546
0.5637954511857294
0.6191481996518547
0.4828194619490665
0.5109355644057542
0.8399573024851253
0.5703280541291679
0.2799824846231751
0.19816993304142824
0.29905559347894306
0.6145076333011894
0.5714080315931125
0.5566963134847049
0.7499145658291188
0.9301380745971652
0.46690947619136813
0.7206223560894647
0.6818940041010797
0.6585102170710613
0.08699509527312337
0.4918657039956998
0.36684302694833865
0.7915442897295073
0.809097796543178
0.8026145468690102
0.5940749776051228
0.1856078827390302
0.8106794995487702
0.6449918791630783
0.6035953160865298
0.3294233518498679
0.6722042960380505
0.3621762243303138
0.3388431712425237
0.33244617867015336
0.7821095402512244
0.5909977104131129
0.1306505644607086
0.6668135555130976
0.42208840707907497
0.9390270756733636
0.7561097884067873
0.7093224334246614
0.7282126297922258
0.8165940693230329
0.7269202140724247
0.3491875685988322
0.7167977414192415
0.19936338992453836
0.292189169864819
0.5876224101614577
0.8390679690866525
0.7205731220888056
0.8677145799591481
0.9153732361810294
0.7485203818329279
0.571049545147215
0.06820252869928613
0.5629044666383515
0.3435955907955674
0.4761988944524939
0.4149563102169381
0.8579050511030316
0.7223187608074608
0.8409113240804538
0.2617452550355067
0.7458449432550992
0.6040116312208763
0.23682557335507579
0.6229604534150562
0.5029273651917434
0.719681214989354
0.9317359124271255
0.6064606455742237
0.12654043819302252
0.3411111536518477
0.9426431304588023
0.28498666590877425
0.8479788916915885
0.8134553160434964
0.7228283711012595
0.49225702114974235
0.653100395480785
0.444791461093615
0.7659159634869372
0.7121442111153047
0.667118296174541
0.5695987830916043
0.8086816613530436
0.3454172493936879
0.8347914721560762
0.3254502578193754
0.6982626780714746
0.6947534719223064
0.5735434077549239
0.5351483149919131
0.38575673364421725
0.819494423278003
0.7785793635959043
0.8147277655934831
0.653155476198728
0.4430165268956927
0.3388343157042607
0.2709204978761903
0.6514211194366544
0.5283649526011047
0.7622860659781033
0.04664160033055955
0.8419064441018821
0.49582274432503015
0.572390448543823
0.4722451485567734
0.3702604623820957
0.44751187490724037
0.31732342540165154
0.6207715190814078
0.7673168200978489
0.7830633620036741
0.8720875048623489
0.0442320895569157
0.807969222641057
0.6028829423491894
0.5388146367658846
0.4718476126179326
0.7467851017565301
0.7986654460260401
0.6851579406185361
0.25059987952542784
0.788648489980492
0.4260898999046032
0.7836097579099686
0.37419130740945106
0.8296372216116928
0.30230326244125116
0.5585789248029577
0.24550503714748842
0.7446620227565293
0.43697169919083756
0.889797279058933
0.7669191716986888
0.7915323148637583
0.5826409902942286
0.5684592732340198
0.6547962746226389
0.6605878585775956
0.3168000591143898
0.37283701719635354
0.674994158481561
0.7976502201741072
0.6845497555011877
0.8432582226598124
0.3378346676628884
0.4031591116691586
0.5223894072730616
0.8279652638405811
0.6104098599752338
0.5089377800831753
0.6452742131299155
0.21020574134920186
0.543316972452183
0.7598937024074222
0.6715640461853265
0.7495442630650937
0.6013176318664661
0.906295030563998
0.5364652858235538
0.5918058568534873
0.690686223394289
0.7907818995256988
0.2400639699962911
0.9144831221325671
0.8820554090369966
0.3772820430826607
0.5679591439870437
0.5165564158187793
0.7499684822904208
0.2436960780502028
0.4640328755463956
0.21648886454324265
0.7042531091314407
0.7824326350709604
0.5164769012146766
0.5601751962010509
0.6413330053704047
0.6136720228081037
0.7369085957493795
0.7280220759506225
0.7311105751891611
0.5446764957316146
0.6989633244713748
0.5461267529425008
0.7362007499302167
0.49610091027910314
0.6151515364418383
0.8678077190967675
0.5995442277048193
0.7440434018088974
0.7590870769745701
0.6451565775838175
0.7700593244066883
0.7168746008870861
0.7741255689785118
0.3246816886212309
0.5758363870727963
0.37276101247626064
0.8834445127121799
0.611874428882415
0.08874431387699465
0.708514295315363
0.5772485234034886
0.6152069709408734
0.8712364583125528
0.9548012526390145
0.6000000127363392
0.8845536162686778
0.61933790634923
0.4991154762633093
0.2385493143988567
0.41210311555996715
0.6238374035676445
0.5603195352153699
0.7499327625323963
0.6312360399318483
0.44301617589491277
0.6531888694331718
0.4006468883211287
0.9168549742450604
0.5669262418562734
0.6024479198242609
0.45508737017917444
0.35900535415738316
0.8112057896727116
0.5821661035894329
0.5488770674346293
0.5418000309207843
0.47742615301122393
0.6588827184123623
0.6968827553468262
0.8657474509887194
0.5497224543196958
0.7507030140759758
0.47599757947541144
0.6040611004933802
0.7388104771588089
0.5677449835644626
0.7357390478465636
0.9295368172575366
0.7954329643012261
0.641927472197292
0.6691171564349473
0.22106663717173985
0.727564676775794
0.9000547818684378
0.6947310384849257
0.6267441326402785
0.33506986905273817
0.5540788833121952
0.41388990806365233
0.4865901308458428
0.7291439177693944
0.6293856425253247
0.22270110477897598
0.46737071813714504
0.7033775605569365
0.523625462735542
0.8095137620486905
0.5401903158115385
0.4975050049545656
0.8815750125033556
0.22937213440600035
0.8603702252857102
0.3937112312840284
0.7182830913742067
0.6987745321172818
0.968290480601186
0.7709284876052414
0.5169829282421748
0.3605954276668033
0.8096879093133045
0.7378008435444107
0.6320485034787299
0.4596832501562002
0.31996359827918197
0.5856914219367773
0.6394872879555248
0.6571326477496581
0.6207206087866699
0.7365184602032046
0.34847958984308325
0.3965835298805782
0.7515254763816768
0.8767253762744914
0.6322905809718177
0.7515682391195798
0.5675689906437408
0.7532293229732441
0.8564201037145741
0.8015349923690316
0.6519084654895758
0.47131612329546
0.72949063333414
0.3851596478462195
0.6116550734920063
0.7299821136775385
0.8476678533852445
0.7951678074233067
0.5610468660963133
0.6836800060659817
0.02087112256218288
0.7849133498931198
0.48050159229196143
0.6170608789373437
0.6076186022080734
0.8571753236982825
0.713968563023059
0.4731873852870298
0.6424279793276194
0.7979976540377011
0.6092100651200139
0.7931646041746366
0.7148112702753615
0.8490896155241061
0.46344372585046884
0.46930613654699344
0.39265050915399496
0.31678477808416455
0.8117616483397418
0.32621430067271295
0.7760321408890446
0.5931557992104213
0.5410103049875389
0.5677061451580689
0.28014999112411804
0.8709591011768422
0.36627739068091736
0.5856638537460583
0.7680506776123633
0.38177265902573454
0.5034462494856717
0.8275731545920814
0.7167781342891049
0.7601789320209734
0.37731596243196647
0.7674811738743857
0.8000343038978046
0.8950116786755723
0.3492036494557925
0.870998193255666
0.27265187662075496
0.664675333266972
0.5484495029651807
0.2171063943894197
0.6652246019741863
0.7578359279279443
0.6951792797359094
0.348922924875445
0.8296043179634187
0.8251713910326148
0.7142190253832219
0.7732329352767822
0.09550703179063248
0.34620384879871824
0.3033489399943479
0.29641641631071985
0.060793046249680106
0.6918092817321899
0.7261978954256887
0.7495145386675769
0.6297244573045131
0.23395106763514126
0.8206227604816093
0.30117498559544775
0.811243859744158
0.5867995173830312
0.4881561714969718
0.6540316029197496
0.08478195054400109
0.8873724635989072
0.7328845815610526
0.871307207571926
0.8383224427287215
0.7399682212634968
0.9257795706610004
0.7380241972363594
0.7253231103029455
0.5549653399277683
0.7927312005604987
0.25857221221233256
0.08602099950083208
0.6510778083973094
0.6643124465715088
0.5117256608824459
0.7965968766985901
0.8207069017625849
0.6646291986396721
0.6421264585030789
0.4326913670274969
0.8434336447871777
0.448621786334567
0.5831542818699601
0.45859351614936
0.4321731444000752
0.35137110820218914
0.5024395526263322
0.2432379870599019
0.6792631360876575
0.7158542109514823
0.4354710903721957
0.29533093952607553
0.285337941984804
0.562346213860538
0.3544492767943623
0.23336551453334134
0.8244519626036123
0.5586504977660102
0.5667864712799546
0.35194119532541884
0.26769954445672023
0.29382479384335014
0.4295088363927769
0.5099141248906112
0.5737406396354225
0.6333887544507414
0.7765219702174487
0.8206074270691154
0.8430976627971224
0.35801859241046086
0.29421006501996033
0.37426357092331236
0.9277857408075765
0.35282941855247163
0.43302319153714885
0.5784228789265444
0.6287533970112715
0.8982367201999962
0.7522225609425298
0.7618168974543972
0.16794262137514163
0.782133909949212
0.8256266501488361
0.5514876816690671
0.7134306670316454
0.7017294390372093
0.649192005241529
0.640017892034007
0.37207191078591295
0.7236704351174756
0.5843243519224679
0.9562809486908544
0.11563197545774359
0.332918265376065
0.09931134469973137
0.4764590127080023
0.5772709724641911
0.4947692093247779
0.20853234253686123
0.21023060601691657
0.3991671911821088
0.5795559905662813
0.448977558566109
0.7088491412025062
0.29429348203686945
0.7748521333267967
0.9142851356534426
0.8193451405495242
0.5946810642064682
0.43984772770334063
0.6951911678740679
0.13120081097930605
0.9411297745257562
0.36670232514134554
0.39567830796768144
0.9762421567007625
0.6796064102764428
0.5459933216469973
0.5545965845750656
0.6077920144006517
0.9875152252572983
0.558785140310275
0.9001844553041644
0.7743951430249654
0.5534802143417084
0.8534253550740077
0.868690660424205
0.20396280644247292
0.4900716686352979
0.5902265174254875
0.7479401889157302
0.39962677919498657
0.4364996617071086
0.6884611647074459
0.7988884737165907
0.7895397192366402
0.5557637914464778
0.45971223520014065
0.6880308801577102
0.8828909872955324
0.5830226344983425
0.28149219549004134
0.7001667354374338
0.729559231421376
0.36641064394314354
0.7470465133096539
0.09051429207422504
0.5748151150588807
0.8114549022418656
0.8053849503744981
0.6858097481824886
0.3676979077325032
0.9022732579659752
0.9660403620956065
0.5341281789059632
0.6647566904021253
0.8168552732431341
0.9029510302409994
0.3254954795643614
0.8347479245625713
0.8768615610296839
0.7232942219040575
0.6638748132353216
0.777840076589783
0.6039409604375583
0.4391767023484102
0.751862572387421
0.747660132043961
0.5232115171488265
0.6352044669506859
0.6806290909009547
0.5931356461966047
0.9100371303848906
0.3647383884766034
0.6710141883180198
0.9232840645481628
0.10561624687940126
0.6020733857583019
0.607672364386504
0.27270290475934295
0.40165333454966523
0.5894129054104754
0.7089651108348854
0.7517977265766407
0.863998464327871
0.7758907096354061
